100
3
1 2 3 
4
1 2 3 4 
5
1 2 3 4 5 
6
1 2 3 4 5 6 
7
1 2 3 4 5 6 7 
8
1 2 3 4 5 6 7 8 
9
1 2 3 4 5 6 7 8 9 
10
1 2 3 4 5 6 7 8 9 10 
11
1 2 3 4 5 6 7 8 9 10 11 
12
1 2 3 4 5 6 7 8 9 10 11 12 
13
1 2 3 4 5 6 7 8 9 10 11 12 13 
14
1 2 3 4 5 6 7 8 9 10 11 12 13 14 
15
1 2 3 4 5 6 7 8 9 10 11 12 13 14 15 
16
1 2 3 4 5 6 7 8 9 10 11 12 13 14 15 16 
16
10 11 12 13 14 15 16 17 18 19 20 21 22 23 24 25 
9
3 4 5 6 7 8 9 10 11 
6
7 8 9 10 11 12 
15
11 12 13 14 15 16 17 18 19 20 21 22 23 24 25 
15
7 8 9 10 11 12 13 14 15 16 17 18 19 20 21 
10
8 9 10 11 12 13 14 15 16 17 
16
10 11 12 13 14 15 16 17 18 19 20 21 22 23 24 25 
10
4 5 6 7 8 9 10 11 12 13 
16
5 6 7 8 9 10 11 12 13 14 15 16 17 18 19 20 
14
9 10 11 12 13 14 15 16 17 18 19 20 21 22 
12
7 8 9 10 11 12 13 14 15 16 17 18 
13
6 7 8 9 10 11 12 13 14 15 16 17 18 
15
5 6 7 8 9 10 11 12 13 14 15 16 17 18 19 
8
9 10 11 12 13 14 15 16 
9
8 9 10 11 12 13 14 15 16 
4
9 10 11 12 
4
11 12 13 14 
10
5 6 7 8 9 10 11 12 13 14 
8
12 13 14 15 16 17 18 19 
14
7 8 9 10 11 12 13 14 15 16 17 18 19 20 
6
4 5 6 7 8 9 
7
6 7 8 9 10 11 12 
8
7 8 9 10 11 12 13 14 
10
4 5 6 7 8 9 10 11 12 13 
4
11 12 13 14 
14
7 8 9 10 11 12 13 14 15 16 17 18 19 20 
3
10 11 12 
6
12 13 14 15 16 17 
4
4 5 6 7 
8
11 12 13 14 15 16 17 18 
13
8 9 10 11 12 13 14 15 16 17 18 19 20 
3
5 6 7 
11
9 10 11 12 13 14 15 16 17 18 19 
13
5 6 7 8 9 10 11 12 13 14 15 16 17 
3
11 12 13 
9
8 9 10 11 12 13 14 15 16 
3
12 13 14 
13
3 4 5 6 7 8 9 10 11 12 13 14 15 
15
4 5 6 7 8 9 10 11 12 13 14 15 16 17 18 
8
11 12 13 14 15 16 17 18 
4
6 7 8 9 
7
7 8 9 10 11 12 13 
13
3 4 5 6 7 8 9 10 11 12 13 14 15 
13
9 10 11 12 13 14 15 16 17 18 19 20 21 
4
11 12 13 14 
7
12 13 14 15 16 17 18 
3
6 7 8 
10
11 12 13 14 15 16 17 18 19 20 
7
5 6 7 8 9 10 11 
14
4 5 6 7 8 9 10 11 12 13 14 15 16 17 
6
8 9 10 11 12 13 
8
11 12 13 14 15 16 17 18 
13
3 4 5 6 7 8 9 10 11 12 13 14 15 
8
9 10 11 12 13 14 15 16 
8
9 10 11 12 13 14 15 16 
12
8 9 10 11 12 13 14 15 16 17 18 19 
5
5 6 7 8 9 
15
12 13 14 15 16 17 18 19 20 21 22 23 24 25 26 
12
6 7 8 9 10 11 12 13 14 15 16 17 
4
5 6 7 8 
7
3 4 5 6 7 8 9 
8
9 10 11 12 13 14 15 16 
14
10 11 12 13 14 15 16 17 18 19 20 21 22 23 
12
7 8 9 10 11 12 13 14 15 16 17 18 
16
5 6 7 8 9 10 11 12 13 14 15 16 17 18 19 20 
11
3 4 5 6 7 8 9 10 11 12 13 
4
7 8 9 10 
11
3 4 5 6 7 8 9 10 11 12 13 
16
4 5 6 7 8 9 10 11 12 13 14 15 16 17 18 19 
6
10 11 12 13 14 15 
4
10 11 12 13 
8
6 7 8 9 10 11 12 13 
10
12 13 14 15 16 17 18 19 20 21 
12
11 12 13 14 15 16 17 18 19 20 21 22 
4
11 12 13 14 
13
9 10 11 12 13 14 15 16 17 18 19 20 21 
13
3 4 5 6 7 8 9 10 11 12 13 14 15 
8
11 12 13 14 15 16 17 18 
7
4 5 6 7 8 9 10 
5
8 9 10 11 12 
11
12 13 14 15 16 17 18 19 20 21 22 
5
10 11 12 13 14 
5
6 7 8 9 10 
4
4 5 6 7 
7
3 4 5 6 7 8 9 
4
9 10 11 12