5
10
1 2 3 4 5 6 7 8 9 10
14
1 8 5 4 13 2 14 9 7 3 6 12 10 11 
53
46 53 40 15 8 14 6 29 30 26 31 25 3 9 28 19 16 1 41 38 10 23 34 37 33 44 2 43 7 42 20 39 4 36 32 51 49 5 11 17 47 12 48 50 45 52 18 24 21 13 27 22 35 
256
93 55 29 254 234 69 27 99 222 83 90 98 214 205 96 240 25 67 21 56 193 215 217 225 250 247 154 219 135 100 108 168 17 146 166 253 36 84 101 64 121 202 78 230 246 158 116 150 125 228 130 206 231 107 129 51 169 175 1 66 216 191 73 19 3 81 94 140 68 181 144 195 2 196 77 159 85 4 210 8 7 115 11 200 42 218 59 192 44 57 190 243 173 134 249 37 165 34 50 233 133 198 49 118 143 152 28 6 41 10 106 47 162 138 114 104 199 188 71 92 171 151 186 58 207 91 220 80 185 75 211 194 48 124 147 119 251 62 132 16 88 23 14 22 33 239 60 113 102 127 137 82 149 182 179 24 213 237 212 122 223 32 26 172 79 89 163 61 105 30 86 39 232 221 209 109 12 31 53 255 45 9 131 245 110 174 120 148 241 187 117 160 204 176 43 142 141 156 161 18 123 167 5 235 54 35 52 139 157 13 136 177 128 226 183 40 153 244 20 178 103 72 227 76 236 63 256 145 46 65 184 95 74 87 112 224 111 180 197 189 242 15 155 208 164 203 97 126 38 238 70 170 201 229 248 252 
595
571 343 58 55 91 42 562 37 415 459 569 561 347 451 69 247 7 112 191 533 81 550 359 469 202 195 278 442 570 515 33 581 217 262 464 549 345 394 496 14 83 165 17 176 366 538 429 439 232 199 135 592 351 128 66 466 64 355 407 337 486 448 411 102 174 489 187 516 179 346 566 212 29 575 183 326 226 274 504 294 140 502 258 565 180 250 80 397 200 134 413 327 310 390 512 119 5 96 453 137 423 46 518 166 588 370 497 475 551 281 303 304 436 487 510 307 170 582 317 334 471 146 284 30 287 85 158 280 524 19 219 509 273 40 340 308 299 163 462 123 286 218 277 75 491 139 207 228 401 342 118 215 508 579 216 408 428 530 358 311 125 189 293 224 348 285 275 141 367 34 71 328 99 476 424 506 568 210 321 105 44 540 116 77 241 109 364 103 263 529 585 204 22 389 1 289 65 474 74 206 377 130 586 494 95 292 589 97 318 266 63 493 147 456 222 444 472 495 517 104 522 336 473 48 584 114 184 272 331 131 332 57 363 391 61 536 182 511 313 89 435 498 382 24 434 67 360 190 558 427 482 45 416 248 322 265 198 153 32 160 402 51 54 113 478 368 47 492 378 78 197 76 251 339 479 352 556 164 13 525 454 421 576 41 593 86 171 373 242 231 350 252 380 254 393 126 235 374 2 233 376 291 386 68 269 467 70 3 290 59 100 236 440 205 383 4 369 381 297 167 309 267 563 87 227 73 305 349 553 264 161 344 539 8 503 420 253 590 594 90 437 403 500 127 108 220 120 260 560 26 149 122 523 188 513 16 341 485 580 259 528 419 249 375 121 6 438 143 521 527 577 31 356 329 25 276 426 243 490 499 53 480 501 49 107 418 43 98 532 372 62 338 230 388 425 301 595 193 470 23 591 564 443 306 145 432 175 431 201 115 320 488 38 446 458 271 124 417 543 365 27 557 117 256 463 150 203 353 154 168 554 172 20 194 93 92 173 21 583 450 548 148 541 460 9 547 162 507 214 279 333 552 384 396 414 514 101 213 82 192 10 156 325 392 441 404 433 255 555 324 288 138 410 208 35 79 505 531 398 196 221 461 452 152 282 60 457 111 142 319 110 185 72 578 268 178 129 399 270 298 371 395 567 468 52 316 447 422 261 257 430 225 39 520 409 546 379 357 177 211 157 50 11 181 535 132 295 144 385 240 314 572 302 133 186 12 526 323 283 229 84 300 106 223 406 88 18 36 245 296 209 15 169 361 237 238 534 28 159 136 56 542 445 405 94 477 362 151 312 155 234 559 239 481 465 387 315 545 246 244 573 574 519 537 400 354 587 330 335 455 449 484 412 483 544
This is the best day ever! Life is short, don't waste it living someone else's life